ΙΙΙΙΙΙΙΙΙΙΙΙΙΙΙ

C. 652
653
654
655
656
657
658
659
660
661
662
663

664 ⁴

665
666
667
668
669
670
671
672

673
674
675
676
677
678
679
680
681
682
683
684
685
6864
6868
687
688
689
690
691
692
693
694
695
696
697
698
699
700

- L. 186 C. 701

Ι Ι Ι Ι Ι Ι Ι Ι Ι Ι Ι 1 Ι Ι

702

703 “

704
705
706
707
708
709
710
711
712
713
714
715
716
717
718
719
720
721
722
723
724
725
726
727
728
729
730
731
732
733
734

- L. 257

Ι Ι Ι Ι Ι 1 Ι

735a.1› -

736
737
738
739
740
741
742
743
744
745
746
747
748
749
750

Ι Ι Ι Ι Ι Ι Ι Ι Ι Ι Ι Ι Ι

250
251
244
245
246
248
247
254

253
255
260

262
264
266
265
267
268
269

258
259
274
275
278
277
276
284
286
285

290
292

293
282
283
289
287
281
298
309
310
308
301
302
304

 

